018 139.38 1
026 153.93 1
027 157.72 1
027 140.49 2
028 219.04 1
028 182.54 2
028 134.45 3
028 129.69 4
029 191.36 1
029 157.65 2
030 147.49 1
030 144.61 2
030 128.73 3
031 162.33 1
031 149.82 2
032 133.84 1
036 130.38 1
037 134.28 1
042 121.25 1
052 128.79 1
053 134.35 1
053 128.56 2
057 151.27 1
057 131.56 2
061 172.46 1
061 138.10 2
062 135.01 1
097 152.78 1
100 159.07 1
100 158.19 2
100 146.84 3
100 122.95 4
101 183.85 1
101 132.23 2
101 127.20 3
102 191.47 1
102 123.28 2
105 126.58 1
106 146.98 1
108 125.49 1
111 123.69 1
112 145.41 1
113 198.13 1
114 187.72 1
114 162.73 2
115 198.60 1
115 197.73 2
115 161.14 3
116 132.95 1
117 166.58 1
118 219.10 1
119 205.41 1
120 202.54 1
120 122.30 2
121 120.39 1
130 137.14 1
132 145.97 1
132 143.47 2
132 132.67 3
133 170.59 1
133 126.45 2
134 145.51 1
134 123.52 2
135 161.38 1
145 126.64 1
147 133.59 1
147 121.69 2
151 176.02 1
151 124.25 2
152 122.27 1
153 125.50 1
154 127.75 1
155 130.85 1
156 125.67 1
158 163.15 1
162 147.11 1
162 133.72 2
163 193.30 1
163 128.72 2
163 123.65 3
164 206.08 1
164 129.02 2
165 235.02 1
165 131.50 2
166 194.70 1
166 142.27 2
166 132.10 3
166 129.26 4
166 124.47 5
167 256.10 1
167 205.70 2
167 183.33 3
167 152.42 4
167 145.56 5
168 203.02 1
168 170.25 2
168 146.90 3
169 134.65 1
171 148.26 1
171 126.44 2
172 130.93 1
173 123.31 1
177 196.34 1
179 131.46 1
180 153.07 1
180 132.29 2
181 199.48 1
181 132.13 2
182 149.56 1
183 135.81 1
185 146.70 1
185 144.13 2
189 125.42 1
190 130.84 1
191 125.62 1
192 165.53 1
192 148.19 2
192 146.54 3
192 142.83 4
193 253.21 1
193 125.64 2
195 158.15 1
197 129.98 1
209 176.13 1
209 142.01 2
211 124.25 1
214 131.78 1
216 230.47 1
217 177.33 1
217 142.04 2
218 179.64 1
218 131.37 2
220 162.41 1
220 145.83 2
220 141.82 3
220 136.23 4
221 141.74 1
221 120.23 2
224 142.96 1
230 171.44 1
234 138.77 1
235 167.82 1
237 156.78 1
238 304.54 1
238 176.29 2
238 120.74 3
239 253.19 1
239 132.02 2
240 148.02 1
240 129.82 2
246 123.97 1
250 183.66 1
251 164.69 1
252 162.89 1
253 190.86 1
254 192.36 1
255 168.31 1
256 189.74 1
257 162.40 1
258 201.95 1
258 124.16 2
260 121.81 1
262 122.09 1
262 121.48 2
263 126.25 1
264 158.16 1
269 137.17 1
274 193.50 1
287 133.25 1
294 121.09 1
297 193.09 1
298 226.37 1
298 135.52 2
298 122.67 3
301 217.50 1
302 220.67 1
302 131.78 2
315 122.71 1
323 137.59 1
324 124.49 1
325 133.43 1
326 144.26 1
326 120.72 2
327 126.71 1
334 139.16 1
335 125.98 1
336 149.57 1
338 135.63 1
338 129.47 2
338 123.42 3
340 161.68 1
342 182.02 1
342 172.01 2
345 127.77 1
352 128.78 1
365 123.84 1
366 145.04 1
366 144.08 2
366 130.06 3
366 129.95 4
367 170.15 1
368 127.65 1
374 130.17 1
382 228.08 1
383 301.49 1
383 145.14 2
383 138.76 3
384 263.72 1
384 168.77 2
384 159.02 3
385 253.37 1
385 150.91 2
386 231.37 1
386 226.18 2
386 134.06 3
387 169.44 1
387 166.54 2
388 227.64 1
388 137.01 2
389 238.73 1
389 165.30 2
389 139.21 3
390 202.22 1
390 172.30 2
390 163.36 3
390 121.61 4
391 206.59 1
391 182.65 2
391 120.23 3
392 193.78 1
393 174.16 1
394 194.88 1
396 239.52 1
397 262.43 1
399 266.78 1
400 220.83 1
401 218.14 1
402 248.70 1
403 227.09 1
404 215.05 1
405 198.72 1
407 180.63 1
408 202.60 1
409 199.90 1
409 124.75 2
411 197.29 1
412 200.56 1
412 126.62 2
413 201.64 1
414 205.38 1
415 230.86 1
416 189.04 1
417 232.38 1
417 135.58 2
418 244.62 1
418 127.22 2
419 121.23 1
420 242.73 1
420 120.71 2
421 210.92 1
422 156.84 1
423 125.24 1
427 122.65 1
431 121.28 1
434 121.22 1
438 128.94 1
443 124.25 1
446 123.09 1
451 121.67 1
452 126.14 1
453 138.41 1
457 121.87 1
460 141.43 1
461 127.43 1
462 136.81 1
464 122.04 1
465 121.93 1
466 130.09 1
467 137.55 1
468 136.46 1
469 130.08 1
470 146.25 1
470 142.43 2
471 126.80 1
472 155.71 1
472 123.18 2
473 166.21 1
473 122.57 2
474 170.56 1
474 166.06 2
475 139.48 1
475 134.51 2
476 145.66 1
476 136.06 2
477 134.85 1
478 133.09 1
485 143.70 1
493 120.99 1
501 128.93 1
501 126.17 2
517 130.15 1
518 120.99 1
520 163.70 1
520 124.68 2
522 129.88 1
535 129.93 1
542 125.76 1
545 125.55 1
547 148.00 1
551 129.91 1
555 219.19 1
555 202.70 2
555 161.81 3
557 165.27 1
557 151.74 2
557 147.80 3
557 145.63 4
558 249.26 1
558 195.06 2
558 180.44 3
558 151.94 4
559 229.74 1
559 215.48 2
559 170.50 3
559 125.41 4
569 133.44 1
598 123.31 1
611 123.22 1
613 121.02 1
614 125.38 1
640 123.53 1
643 158.30 1
643 139.11 2
643 132.12 3
644 162.41 1
645 172.00 1
646 146.94 1
647 164.12 1
648 218.20 1
649 206.12 1
649 152.02 2
653 322.16 1
654 261.46 1
657 165.88 1
659 123.53 1
660 174.76 1
661 165.18 1
662 166.17 1
663 143.82 1
664 126.19 1
665 173.71 1
672 138.15 1
679 122.12 1
680 123.07 1
687 126.45 1
693 151.21 1
694 137.04 1
694 126.48 2
696 145.78 1
697 144.40 1
702 135.57 1
718 136.94 1
718 127.31 2
719 132.12 1
721 134.17 1
721 129.12 2
