391 1 4.794 1
121 1 1.293 0
420 1 1.064 1
326 1 1.284 0
238 1 1.864 1
493 1 2.122 0
518 1 1.06 0
613 1 1.823 0
294 1 0.828 0
434 1 0.806 0
419 1 1.669 0
042 1 0.803 0
431 1 0.698 0
262 1 1.909 1
390 1 0.665 1
451 1 1.254 0
147 1 0.428 0
260 1 1.325 1
457 1 0.781 0
465 1 0.528 0
464 1 0.583 0
262 1 0.549 0
679 1 0.497 0
152 1 0.494 0
120 1 1.124 1
473 1 0.779 0
427 1 0.453 0
298 1 0.484 0
315 1 1.018 1
100 1 1.233 0
680 1 0.709 1
446 1 1.034 0
472 1 0.512 0
611 1 1.096 0
102 1 0.506 0
173 1 0.478 0
598 1 0.436 0
338 1 3.958 0
134 1 0.488 0
640 1 0.79 1
659 1 0.185 1
163 1 0.586 0
111 1 0.396 0
365 1 0.098 0
246 1 0.404 0
258 1 0.491 0
151 1 0.317 0
211 1 0.456 0
443 1 0.408 0
166 1 0.905 1
324 1 0.66 0
520 1 0.698 1
409 1 0.263 1
423 1 0.519 0
614 1 0.258 0
559 1 1.279 1
189 1 0.583 0
108 1 0.365 0
153 1 0.12 0
545 1 0.314 0
191 1 0.592 1
193 1 0.221 1
156 1 0.605 0
542 1 0.415 0
335 1 0.297 0
452 1 0.48 0
501 1 0.446 0
664 1 0.968 1
263 1 0.647 0
171 1 0.631 0
133 1 4.962 1
687 1 1.275 0
694 1 1.024 1
105 1 0.906 0
412 1 1.071 1
145 1 1.068 0
327 1 0.9 0
471 1 0.955 0
101 1 0.945 0
418 1 1.234 1
718 1 0.883 0
461 1 0.827 0
368 1 0.991 0
154 1 1.006 0
345 1 1.046 0
053 1 0.963 0
163 1 5.401 1
030 1 0.943 1
352 1 1.209 0
052 1 1.819 0
501 1 1.78 0
438 1 1.835 0
164 1 1.995 1
721 1 1.731 0
166 1 1.103 0
338 1 1.19 0
028 1 1.603 1
240 1 1.879 0
522 1 0.583 0
551 1 0.582 0
535 1 0.579 0
366 1 0.653 0
197 1 0.679 0
366 1 4.529 0
469 1 1.423 0
466 1 2.875 0
517 1 0.93 0
374 1 2.627 0
036 1 0.389 0
190 1 0.532 0
155 1 0.459 0
172 1 0.378 0
218 1 0.787 0
179 1 2.56 1
165 1 1.005 0
057 1 0.469 0
214 1 1.106 1
302 1 0.966 1
239 1 3.72 1
166 1 1.306 0
643 1 1.202 1
719 1 0.549 0
181 1 1.297 1
101 1 1.177 0
180 1 1.301 1
132 1 1.145 0
116 1 0.729 0
478 1 0.941 0
287 1 0.603 0
325 1 0.575 0
569 1 0.577 0
147 1 1.446 0
162 1 1.323 1
032 1 1.185 0
386 1 0.811 1
721 1 0.731 0
037 1 1.414 1
053 1 1.078 0
028 1 5.496 1
475 1 1.138 0
169 1 0.863 0
477 1 0.589 0
062 1 2.219 1
298 1 17.086 1
702 1 4.041 0
417 1 1.021 1
338 1 1.237 0
183 1 0.836 0
476 1 0.833 0
220 1 1.121 1
468 1 0.705 0
462 1 0.42 0
718 1 0.206 0
388 1 1.347 1
694 1 2.338 0
130 1 1.278 0
269 1 1.18 0
467 1 1.138 0
323 1 2.942 1
061 1 1.4 1
672 1 1.54 0
453 1 0.554 0
383 1 1.329 1
234 1 0.571 1
643 1 1.399 0
334 1 1.428 1
389 1 0.533 1
018 1 1.235 0
475 1 0.424 0
027 1 1.197 1
460 1 0.801 0
221 1 0.365 0
220 1 2.926 0
209 1 3.872 1
217 1 0.254 1
166 1 9.559 1
470 1 1.201 0
192 1 2.768 1
224 1 0.76 1
132 1 0.551 1
485 1 0.959 0
663 1 0.928 1
366 1 0.491 0
185 1 0.521 1
326 1 0.461 0
697 1 0.449 0
030 1 1.068 1
366 1 0.983 0
383 1 1.593 1
112 1 1.337 1
134 1 0.95 0
167 1 1.557 0
557 1 1.22 1
476 1 0.548 0
696 1 0.746 0
220 1 0.885 1
132 1 0.635 0
470 1 0.487 0
192 1 1.286 1
185 1 0.422 1
100 1 1.126 0
168 1 1.534 1
646 1 0.415 1
106 1 0.782 0
162 1 3.007 1
030 1 0.377 1
557 1 0.942 1
547 1 1.183 1
240 1 0.435 1
192 1 0.605 1
171 1 1.351 0
182 1 0.823 0
336 1 1.143 1
031 1 0.377 1
385 1 0.392 1
693 1 1.122 0
057 1 0.555 0
557 1 1.053 1
558 1 0.418 1
649 1 0.64 1
167 1 1.393 1
097 1 0.46 1
180 1 0.481 1
026 1 1.135 1
472 1 0.87 0
237 1 1.076 1
422 1 1.121 1
029 1 1.607 1
027 1 0.488 1
195 1 0.552 1
264 1 0.607 1
100 1 0.971 1
643 1 0.51 1
384 1 0.819 1
100 1 2.571 0
115 1 0.573 0
135 1 1.587 1
340 1 0.522 1
555 1 0.561 1
031 1 1.057 1
257 1 0.51 1
220 1 0.965 0
644 1 0.821 1
114 1 0.794 0
252 1 0.795 1
158 1 0.888 0
390 1 0.912 1
520 1 0.809 0
647 1 1.51 1
251 1 1.116 1
661 1 1.819 1
557 1 0.726 1
389 1 1.379 1
192 1 0.512 1
657 1 5.651 1
474 1 4.595 0
662 1 1.104 1
473 1 0.913 0
387 1 0.915 1
117 1 0.6 1
235 1 0.629 1
255 1 1.838 1
384 1 0.635 1
387 1 1.015 1
367 1 0.961 0
168 1 0.699 1
559 1 0.52 1
474 1 0.757 0
133 1 4.406 1
230 1 0.873 0
645 1 0.95 1
342 1 2.227 0
390 1 0.935 1
061 1 10.432 0
665 1 0.831 1
393 1 2.345 1
660 1 0.882 1
151 1 2.229 0
209 1 1.183 1
238 1 1.626 1
217 1 0.795 1
218 1 0.402 1
558 1 1.397 1
407 1 0.511 1
342 1 0.528 1
028 1 0.393 1
391 1 0.612 1
167 1 0.442 1
250 1 0.3 1
101 1 0.392 1
114 1 0.352 1
416 1 0.017 1
256 1 0.434 1
253 1 0.38 1
029 1 1.613 1
102 1 0.31 1
254 1 0.274 1
297 1 0.238 1
163 1 0.214 1
274 1 0.551 1
392 1 0.339 1
166 1 0.33 1
394 1 0.482 1
558 1 0.508 1
177 1 6.438 1
411 1 0.745 1
115 1 1.154 0
113 1 1.189 1
115 1 0.623 1
405 1 0.538 1
181 1 0.848 1
409 1 0.76 1
412 1 0.81 1
413 1 0.913 1
258 1 0.797 1
390 1 0.912 1
120 1 0.539 1
408 1 0.996 1
555 1 0.961 1
168 1 0.46 1
414 1 1.12 1
119 1 0.678 1
167 1 0.901 1
164 1 0.659 1
649 1 0.6 1
391 1 2.715 1
421 1 0.327 1
404 1 0.118 1
559 1 0.36 1
301 1 0.307 1
401 1 0.059 1
648 1 0.406 1
028 1 0.473 1
118 1 0.548 1
555 1 0.23 1
302 1 0.453 1
400 1 1.51 1
386 1 0.395 1
298 1 0.364 1
403 1 0.32 1
388 1 0.291 1
382 1 0.407 1
559 1 3.395 1
216 1 0.471 1
415 1 0.347 1
386 1 0.364 1
417 1 0.106 1
165 1 0.342 1
389 1 0.348 1
396 1 0.3 1
420 1 0.105 1
418 1 0.336 1
402 1 0.317 1
558 1 0.419 1
239 1 0.374 1
193 1 0.337 1
385 1 0.348 1
167 1 0.321 1
654 1 0.314 1
397 1 0.291 1
384 1 0.205 1
399 1 0.329 1
383 1 0.312 1
238 1 0.564 1
653 1 0.142 1
